Sl.no.	r			condition	r_next		error		order of convergence
1		0.000000	0.000000	-3.000000	3.000000	NA

2		-3.000000	0.718935	-1.961538	1.038462	0.034353

3		-1.961538	0.909088	-1.147176	0.814363	-5.441116

Function diverges!!


Sl.no.	r			condition	r_next		error		order of convergence
1		5.000000	0.640979	3.418919	1.581081	NA

2		3.418919	0.592922	2.434247	0.984672	-0.033718

3		2.434247	0.466514	1.898382	0.535864	40.389671

4		1.898382	0.229909	1.700339	0.198043	2.595509

5		1.700339	0.037356	1.672242	0.028097	2.205988

6		1.672242	0.000736	1.671700	0.000542	2.105255

7		1.671700	0.000000	1.671700	0.000000	2.027781

root of the function=1.671700
