Matrix Taken:

5.000000	0.000000	1.000000	
0.000000	-2.000000	0.000000	
1.000000	0.000000	5.000000	


S.No	X1		x2		x3		C		errormax
1	 0.000000	 1.000000	 1.000000	 6.000000	 0.666667
2	 0.000000	 1.000000	-0.333333	 6.000000	 0.222222
3	 0.000000	 1.000000	 0.111111	 6.000000	 0.074074
4	 0.000000	 1.000000	-0.037037	 6.000000	 0.024691
5	 0.000000	 1.000000	 0.012346	 6.000000	 0.008230
6	 0.000000	 1.000000	-0.004115	 6.000000	 0.002743
7	 0.000000	 1.000000	 0.001372	 6.000000	 0.000914

 The required eigen value is 6.000000



The required eigen vector is :
1.000000
-0.000457
1.000000
